1
6 11 13 14 21 31 33 45 47 56 57 72 91 93 97 98 101 103 119 122 128 136 142 143 145 146 151 162 163 175

2
3 4 5 7 8 12 15 16 17 23 24 25 26 27 28 29 30 32 34 35 36 38 41 42 43 53 54 55 58 59 73 74 75 76 78 80 81 82 83 86 87 89 90 92 94 95 99 100 102 123 127 135 138 139 140 141 144 147 148 150 153 154 155 156 157 178 181

3
1 18 22 39 40 44 48 49 51 63 64 65 66 67 68 69 70 104 105 152 158 188

4
169 172 173 182 183 185 192 193 194 195 196 197 198 199 200 201 202 203 204 205 206 207 208 209 210 211 212 213 214

5
106 107 108 109 110 111 112 113 130 131 132 166 167 168 170 171 174 176 184

6
2 9 10 19 20 37 46 50 52 60 61 62 71 77 79 84 85 88 96 114 115 116 117 118 120 121 124 125 126 133 134 137 149 159 160 161

7
129 164 165 177 179 180 186 187 189 190 191

